span : 4
| 77 38 58 36 | 62 60 20 14 | 81 35 78 29 | 73 31 70 23 | 82 16 39 21 | 63 26 47 30 | 86 53 49 41 | 54 24 51 5 | 90 48 59 22 | 85 67 40 17 | 94 46 64 11 | 80 34 61 32 | 95 12 91 87 | 57 44 25 3 | 96 76 92 1 | 74 19 71 66 | 97 45 79 37 | 18 2 15 7 | 98 50 13 4 | 68 10 55 52 | 99 93 56 27 | 88 33 83 75 | 100 65 84 69 | 42 28 9 8 | 89 43 72 6 0 1 2 3 4 5 6 7 8 9 10 

big : | 62 60 20 14 | 77 38 58 36 | 81 35 78 29 | 82 16 39 21 | 86 53 49 41 | 90 48 59 22 | 94 46 64 11 | 95 12 91 87 | 96 76 92 1 | 97 45 79 37 | 98 50 13 4 | 99 93 56 27 | 100 65 84 69 
small : | 73 31 70 23 | 63 26 47 30 | 54 24 51 5 | 85 67 40 17 | 80 34 61 32 | 57 44 25 3 | 74 19 71 66 | 18 2 15 7 | 68 10 55 52 | 88 33 83 75 | 42 28 9 8 
to insert : 1
to insert : 2

to insert : 5
to insert : 0

to insert : 9
to insert : 3
to insert : 0
to insert : 6
to insert : 2
to insert : 9
to insert : 1
ret : | 18 2 15 7 | 42 28 9 8 | 54 24 51 5 | 57 44 25 3 | 62 60 20 14 | 63 26 47 30 | 68 10 55 52 | 73 31 70 23 | 74 19 71 66 | 77 38 58 36 | 80 34 61 32 | 81 35 78 29 | 85 67 40 17 | 82 16 39 21 | 86 53 49 41 | 88 33 83 75 | 89 43 72 6 | 90 48 59 22 | 94 46 64 11 | 95 12 91 87 | 96 76 92 1 | 97 45 79 37 | 98 50 13 4 | 99 93 56 27 | 100 65 84 69 


big : | 62 60 20 14 | 63 26 47 30 | 73 31 70 23 | 77 38 58 36 | 81 35 78 29 | 82 16 39 21 | 86 53 49 41 | 90 48 59 22 | 94 46 64 11 | 95 12 91 87 | 96 76 92 1 | 97 45 79 37 | 98 50 13 4 | 99 93 56 27 | 100 65 84 69 
small : | 54 24 51 5 | 85 67 40 17 | 80 34 61 32 | 57 44 25 3 | 74 19 71 66 | 18 2 15 7 | 68 10 55 52 | 88 33 83 75 | 42 28 9 8 


span : 2
| 18 2 | 15 7 | 42 28 | 9 8 | 54 24 | 51 5 | 57 44 | 25 3 | 62 60 | 20 14 | 63 26 | 47 30 | 68 10 | 55 52 | 73 31 | 70 23 | 74 19 | 71 66 | 77 38 | 58 36 | 80 34 | 61 32 | 81 35 | 78 29 | 85 67 | 40 17 | 82 16 | 39 21 | 86 53 | 49 41 | 88 33 | 83 75 | 89 43 | 72 6 | 90 48 | 59 22 | 94 46 | 64 11 | 95 12 | 91 87 | 96 76 | 92 1 | 97 45 | 79 37 | 98 50 | 13 4 | 99 93 | 56 27 | 100 65 | 84 69 0 1 2 3 4 5 6 7 8 9 10 11 12 13 14 15 16 17 18 19 20 21 22 23 

big : | 15 7 | 18 2 | 42 28 | 54 24 | 57 44 | 62 60 | 63 26 | 68 10 | 73 31 | 74 19 | 77 38 | 80 34 | 81 35 | 85 67 | 82 16 | 86 53 | 88 33 | 89 43 | 90 48 | 94 46 | 95 12 | 96 76 | 97 45 | 98 50 | 99 93 | 100 65 
small : | 9 8 | 51 5 | 25 3 | 20 14 | 47 30 | 55 52 | 70 23 | 71 66 | 58 36 | 61 32 | 78 29 | 40 17 | 39 21 | 49 41 | 83 75 | 72 6 | 59 22 | 64 11 | 91 87 | 92 1 | 79 37 | 13 4 | 56 27 | 84 69 
to insert : 3
to insert : 0
to insert : 3
to insert : 4
to insert : 9
to insert : 9
to insert : 11
to insert : 11
to insert : 8
to insert : 6
to insert : 25
to insert : 25
to insert : 17
to insert : 12
to insert : 20
to insert : 25
to insert : 7
to insert : 5
to insert : 6
to insert : 25
to insert : 33
to insert : 13
to insert : 1
to insert : 30
ret : | 9 8 | 13 4 | 15 7 | 18 2 | 20 14 | 25 3 | 39 21 | 40 17 | 42 28 | 47 30 | 49 41 | 51 5 | 54 24 | 55 52 | 56 27 | 57 44 | 58 36 | 59 22 | 61 32 | 70 23 | 71 66 | 62 60 | 63 26 | 64 11 | 68 10 | 72 6 | 73 31 | 78 29 | 74 19 | 77 38 | 79 37 | 80 34 | 83 75 | 81 35 | 85 67 | 82 16 | 84 69 | 91 87 | 92 1 | 86 53 | 88 33 | 89 43 | 90 48 | 94 46 | 95 12 | 96 76 | 97 45 | 98 50 | 99 93 | 100 65 


span : 1
| 9 | 8 | 13 | 4 | 15 | 7 | 18 | 2 | 20 | 14 | 25 | 3 | 39 | 21 | 40 | 17 | 42 | 28 | 47 | 30 | 49 | 41 | 51 | 5 | 54 | 24 | 55 | 52 | 56 | 27 | 57 | 44 | 58 | 36 | 59 | 22 | 61 | 32 | 70 | 23 | 71 | 66 | 62 | 60 | 63 | 26 | 64 | 11 | 68 | 10 | 72 | 6 | 73 | 31 | 78 | 29 | 74 | 19 | 77 | 38 | 79 | 37 | 80 | 34 | 83 | 75 | 81 | 35 | 85 | 67 | 82 | 16 | 84 | 69 | 91 | 87 | 92 | 1 | 86 | 53 | 88 | 33 | 89 | 43 | 90 | 48 | 94 | 46 | 95 | 12 | 96 | 76 | 97 | 45 | 98 | 50 | 99 | 93 | 100 | 65 0 1 2 3 4 5 6 7 8 9 10 11 12 13 14 15 16 17 18 19 20 21 22 23 24 25 26 27 28 29 30 31 32 33 34 35 36 37 38 39 40 41 42 43 44 45 46 47 48 

big : | 8 | 9 | 13 | 15 | 18 | 20 | 25 | 39 | 40 | 42 | 47 | 49 | 51 | 54 | 55 | 56 | 57 | 58 | 59 | 61 | 70 | 71 | 62 | 63 | 64 | 68 | 72 | 73 | 78 | 74 | 77 | 79 | 80 | 83 | 81 | 85 | 82 | 84 | 91 | 92 | 86 | 88 | 89 | 90 | 94 | 95 | 96 | 97 | 98 | 99 | 100 
small : | 4 | 7 | 2 | 14 | 3 | 21 | 17 | 28 | 30 | 41 | 5 | 24 | 52 | 27 | 44 | 36 | 22 | 32 | 23 | 66 | 60 | 26 | 11 | 10 | 6 | 31 | 29 | 19 | 38 | 37 | 34 | 75 | 35 | 67 | 16 | 69 | 87 | 1 | 53 | 33 | 43 | 48 | 46 | 12 | 76 | 45 | 50 | 93 | 65 
to insert : 0
to insert : 0
to insert : 5
to insert : 0
to insert : 11
to insert : 11
to insert : 11
to insert : 8
to insert : 11
to insert : 1
to insert : 25
to insert : 13
to insert : 17
to insert : 13
to insert : 19
to insert : 24
to insert : 16
to insert : 25
to insert : 15
to insert : 3
to insert : 27
to insert : 27
to insert : 22
to insert : 35
to insert : 0
to insert : 55
to insert : 51
to insert : 11
to insert : 51
to insert : 25
to insert : 55
to insert : 25
to insert : 28
to insert : 29
to insert : 14
to insert : 23
to insert : 25
to insert : 5
to insert : 9
to insert : 10
to insert : 24
to insert : 51
to insert : 63
to insert : 82
to insert : 47
to insert : 42
to insert : 74
to insert : 11
to insert : 44
ret : | 1 | 2 | 3 | 4 | 5 | 6 | 7 | 8 | 9 | 10 | 11 | 12 | 13 | 14 | 15 | 16 | 17 | 18 | 19 | 20 | 21 | 22 | 23 | 24 | 25 | 26 | 27 | 28 | 29 | 30 | 31 | 32 | 33 | 34 | 35 | 36 | 37 | 38 | 41 | 39 | 40 | 42 | 43 | 45 | 46 | 48 | 52 | 44 | 47 | 49 | 50 | 51 | 53 | 54 | 55 | 60 | 66 | 56 | 57 | 58 | 59 | 61 | 70 | 71 | 62 | 63 | 64 | 65 | 67 | 68 | 69 | 75 | 72 | 73 | 78 | 74 | 76 | 87 | 77 | 79 | 80 | 83 | 81 | 85 | 82 | 84 | 91 | 93 | 92 | 86 | 88 | 89 | 90 | 94 | 95 | 96 | 97 | 98 | 99 | 100 


span : 32
| 100 65 84 69 42 28 9 8 82 16 39 21 63 26 47 30 99 93 56 27 88 33 83 75 86 53 49 41 54 24 51 5 | 98 50 13 4 68 10 55 52 81 35 78 29 73 31 70 23 95 12 91 87 57 44 25 3 94 46 64 11 80 34 61 32 | 97 45 79 37 18 2 15 7 90 48 59 22 85 67 40 17 96 76 92 1 74 19 71 66 77 38 58 36 62 60 20 14 | 89 43 72 6 

big : | 98 50 13 4 68 10 55 52 81 35 78 29 73 31 70 23 95 12 91 87 57 44 25 3 94 46 64 11 80 34 61 32 | 100 65 84 69 42 28 9 8 82 16 39 21 63 26 47 30 99 93 56 27 88 33 83 75 86 53 49 41 54 24 51 5 
small : 
ret : | 97 45 79 37 18 2 15 7 90 48 59 22 85 67 40 17 96 76 92 1 74 19 71 66 77 38 58 36 62 60 20 14 | 98 50 13 4 68 10 55 52 81 35 78 29 73 31 70 23 95 12 91 87 57 44 25 3 94 46 64 11 80 34 61 32 | 100 65 84 69 42 28 9 8 82 16 39 21 63 26 47 30 99 93 56 27 88 33 83 75 86 53 49 41 54 24 51 5 | 89 43 72 6 


span : 16
| 97 45 79 37 18 2 15 7 90 48 59 22 85 67 40 17 | 96 76 92 1 74 19 71 66 77 38 58 36 62 60 20 14 | 98 50 13 4 68 10 55 52 81 35 78 29 73 31 70 23 | 95 12 91 87 57 44 25 3 94 46 64 11 80 34 61 32 | 100 65 84 69 42 28 9 8 82 16 39 21 63 26 47 30 | 99 93 56 27 88 33 83 75 86 53 49 41 54 24 51 5 | 89 43 72 6 0 1 

big : | 96 76 92 1 74 19 71 66 77 38 58 36 62 60 20 14 | 97 45 79 37 18 2 15 7 90 48 59 22 85 67 40 17 | 98 50 13 4 68 10 55 52 81 35 78 29 73 31 70 23 | 100 65 84 69 42 28 9 8 82 16 39 21 63 26 47 30 
small : | 95 12 91 87 57 44 25 3 94 46 64 11 80 34 61 32 | 99 93 56 27 88 33 83 75 86 53 49 41 54 24 51 5 
to insert : 3
to insert : 0
ret : | 95 12 91 87 57 44 25 3 94 46 64 11 80 34 61 32 | 96 76 92 1 74 19 71 66 77 38 58 36 62 60 20 14 | 97 45 79 37 18 2 15 7 90 48 59 22 85 67 40 17 | 98 50 13 4 68 10 55 52 81 35 78 29 73 31 70 23 | 99 93 56 27 88 33 83 75 86 53 49 41 54 24 51 5 | 100 65 84 69 42 28 9 8 82 16 39 21 63 26 47 30 | 89 43 72 6 


span : 8
| 95 12 91 87 57 44 25 3 | 94 46 64 11 80 34 61 32 | 96 76 92 1 74 19 71 66 | 77 38 58 36 62 60 20 14 | 97 45 79 37 18 2 15 7 | 90 48 59 22 85 67 40 17 | 98 50 13 4 68 10 55 52 | 81 35 78 29 73 31 70 23 | 99 93 56 27 88 33 83 75 | 86 53 49 41 54 24 51 5 | 100 65 84 69 42 28 9 8 | 82 16 39 21 63 26 47 30 | 89 43 72 6 0 1 2 3 4 

big : | 94 46 64 11 80 34 61 32 | 95 12 91 87 57 44 25 3 | 96 76 92 1 74 19 71 66 | 97 45 79 37 18 2 15 7 | 98 50 13 4 68 10 55 52 | 99 93 56 27 88 33 83 75 | 100 65 84 69 42 28 9 8 
small : | 77 38 58 36 62 60 20 14 | 90 48 59 22 85 67 40 17 | 81 35 78 29 73 31 70 23 | 86 53 49 41 54 24 51 5 | 82 16 39 21 63 26 47 30 
to insert : 0
to insert : 0
to insert : 1
to insert : 1
to insert : 2
ret : | 77 38 58 36 62 60 20 14 | 81 35 78 29 73 31 70 23 | 82 16 39 21 63 26 47 30 | 86 53 49 41 54 24 51 5 | 90 48 59 22 85 67 40 17 | 94 46 64 11 80 34 61 32 | 95 12 91 87 57 44 25 3 | 96 76 92 1 74 19 71 66 | 97 45 79 37 18 2 15 7 | 98 50 13 4 68 10 55 52 | 99 93 56 27 88 33 83 75 | 100 65 84 69 42 28 9 8 | 89 43 72 6 


span : 4
| 77 38 58 36 | 62 60 20 14 | 81 35 78 29 | 73 31 70 23 | 82 16 39 21 | 63 26 47 30 | 86 53 49 41 | 54 24 51 5 | 90 48 59 22 | 85 67 40 17 | 94 46 64 11 | 80 34 61 32 | 95 12 91 87 | 57 44 25 3 | 96 76 92 1 | 74 19 71 66 | 97 45 79 37 | 18 2 15 7 | 98 50 13 4 | 68 10 55 52 | 99 93 56 27 | 88 33 83 75 | 100 65 84 69 | 42 28 9 8 | 89 43 72 6 0 1 2 3 4 5 6 7 8 9 10 

big : | 62 60 20 14 | 77 38 58 36 | 81 35 78 29 | 82 16 39 21 | 86 53 49 41 | 90 48 59 22 | 94 46 64 11 | 95 12 91 87 | 96 76 92 1 | 97 45 79 37 | 98 50 13 4 | 99 93 56 27 | 100 65 84 69 
small : | 73 31 70 23 | 63 26 47 30 | 54 24 51 5 | 85 67 40 17 | 80 34 61 32 | 57 44 25 3 | 74 19 71 66 | 18 2 15 7 | 68 10 55 52 | 88 33 83 75 | 42 28 9 8 
to insert : 1
to insert : 2
to insert : 5
to insert : 0
to insert : 9
to insert : 3
to insert : 0
to insert : 6
to insert : 2
to insert : 9
to insert : 1
ret : | 18 2 15 7 | 42 28 9 8 | 54 24 51 5 | 57 44 25 3 | 62 60 20 14 | 63 26 47 30 | 68 10 55 52 | 73 31 70 23 | 74 19 71 66 | 77 38 58 36 | 80 34 61 32 | 81 35 78 29 | 85 67 40 17 | 82 16 39 21 | 86 53 49 41 | 88 33 83 75 | 89 43 72 6 | 90 48 59 22 | 94 46 64 11 | 95 12 91 87 | 96 76 92 1 | 97 45 79 37 | 98 50 13 4 | 99 93 56 27 | 100 65 84 69 


span : 2
| 18 2 | 15 7 | 42 28 | 9 8 | 54 24 | 51 5 | 57 44 | 25 3 | 62 60 | 20 14 | 63 26 | 47 30 | 68 10 | 55 52 | 73 31 | 70 23 | 74 19 | 71 66 | 77 38 | 58 36 | 80 34 | 61 32 | 81 35 | 78 29 | 85 67 | 40 17 | 82 16 | 39 21 | 86 53 | 49 41 | 88 33 | 83 75 | 89 43 | 72 6 | 90 48 | 59 22 | 94 46 | 64 11 | 95 12 | 91 87 | 96 76 | 92 1 | 97 45 | 79 37 | 98 50 | 13 4 | 99 93 | 56 27 | 100 65 | 84 69 0 1 2 3 4 5 6 7 8 9 10 11 12 13 14 15 16 17 18 19 20 21 22 23 

big : | 15 7 | 18 2 | 42 28 | 54 24 | 57 44 | 62 60 | 63 26 | 68 10 | 73 31 | 74 19 | 77 38 | 80 34 | 81 35 | 85 67 | 82 16 | 86 53 | 88 33 | 89 43 | 90 48 | 94 46 | 95 12 | 96 76 | 97 45 | 98 50 | 99 93 | 100 65 
small : | 9 8 | 51 5 | 25 3 | 20 14 | 47 30 | 55 52 | 70 23 | 71 66 | 58 36 | 61 32 | 78 29 | 40 17 | 39 21 | 49 41 | 83 75 | 72 6 | 59 22 | 64 11 | 91 87 | 92 1 | 79 37 | 13 4 | 56 27 | 84 69 
to insert : 3
to insert : 0
to insert : 3
to insert : 4
to insert : 9
to insert : 9
to insert : 11
to insert : 11
to insert : 8
to insert : 6
to insert : 25
to insert : 25
to insert : 17
to insert : 12
to insert : 20
to insert : 25
to insert : 7
to insert : 5
to insert : 6
to insert : 25
to insert : 33
to insert : 13
to insert : 1
to insert : 30
ret : | 9 8 | 13 4 | 15 7 | 18 2 | 20 14 | 25 3 | 39 21 | 40 17 | 42 28 | 47 30 | 49 41 | 51 5 | 54 24 | 55 52 | 56 27 | 57 44 | 58 36 | 59 22 | 61 32 | 70 23 | 71 66 | 62 60 | 63 26 | 64 11 | 68 10 | 72 6 | 73 31 | 78 29 | 74 19 | 77 38 | 79 37 | 80 34 | 83 75 | 81 35 | 85 67 | 82 16 | 84 69 | 91 87 | 92 1 | 86 53 | 88 33 | 89 43 | 90 48 | 94 46 | 95 12 | 96 76 | 97 45 | 98 50 | 99 93 | 100 65 


span : 1
| 9 | 8 | 13 | 4 | 15 | 7 | 18 | 2 | 20 | 14 | 25 | 3 | 39 | 21 | 40 | 17 | 42 | 28 | 47 | 30 | 49 | 41 | 51 | 5 | 54 | 24 | 55 | 52 | 56 | 27 | 57 | 44 | 58 | 36 | 59 | 22 | 61 | 32 | 70 | 23 | 71 | 66 | 62 | 60 | 63 | 26 | 64 | 11 | 68 | 10 | 72 | 6 | 73 | 31 | 78 | 29 | 74 | 19 | 77 | 38 | 79 | 37 | 80 | 34 | 83 | 75 | 81 | 35 | 85 | 67 | 82 | 16 | 84 | 69 | 91 | 87 | 92 | 1 | 86 | 53 | 88 | 33 | 89 | 43 | 90 | 48 | 94 | 46 | 95 | 12 | 96 | 76 | 97 | 45 | 98 | 50 | 99 | 93 | 100 | 65 0 1 2 3 4 5 6 7 8 9 10 11 12 13 14 15 16 17 18 19 20 21 22 23 24 25 26 27 28 29 30 31 32 33 34 35 36 37 38 39 40 41 42 43 44 45 46 47 48 

big : | 8 | 9 | 13 | 15 | 18 | 20 | 25 | 39 | 40 | 42 | 47 | 49 | 51 | 54 | 55 | 56 | 57 | 58 | 59 | 61 | 70 | 71 | 62 | 63 | 64 | 68 | 72 | 73 | 78 | 74 | 77 | 79 | 80 | 83 | 81 | 85 | 82 | 84 | 91 | 92 | 86 | 88 | 89 | 90 | 94 | 95 | 96 | 97 | 98 | 99 | 100 
small : | 4 | 7 | 2 | 14 | 3 | 21 | 17 | 28 | 30 | 41 | 5 | 24 | 52 | 27 | 44 | 36 | 22 | 32 | 23 | 66 | 60 | 26 | 11 | 10 | 6 | 31 | 29 | 19 | 38 | 37 | 34 | 75 | 35 | 67 | 16 | 69 | 87 | 1 | 53 | 33 | 43 | 48 | 46 | 12 | 76 | 45 | 50 | 93 | 65 
to insert : 0
to insert : 0
to insert : 5
to insert : 0
to insert : 11
to insert : 11
to insert : 11
to insert : 8
to insert : 11
to insert : 1
to insert : 25
to insert : 13
to insert : 17
to insert : 13
to insert : 19
to insert : 24
to insert : 16
to insert : 25
to insert : 15
to insert : 3
to insert : 27
to insert : 27
to insert : 22
to insert : 35
to insert : 0
to insert : 55
to insert : 51
to insert : 11
to insert : 51
to insert : 25
to insert : 55
to insert : 25
to insert : 28
to insert : 29
to insert : 14
to insert : 23
to insert : 25
to insert : 5
to insert : 9
to insert : 10
to insert : 24
to insert : 51
to insert : 63
to insert : 82
to insert : 47
to insert : 42
to insert : 74
to insert : 11
to insert : 44
ret : | 1 | 2 | 3 | 4 | 5 | 6 | 7 | 8 | 9 | 10 | 11 | 12 | 13 | 14 | 15 | 16 | 17 | 18 | 19 | 20 | 21 | 22 | 23 | 24 | 25 | 26 | 27 | 28 | 29 | 30 | 31 | 32 | 33 | 34 | 35 | 36 | 37 | 38 | 41 | 39 | 40 | 42 | 43 | 45 | 46 | 48 | 52 | 44 | 47 | 49 | 50 | 51 | 53 | 54 | 55 | 60 | 66 | 56 | 57 | 58 | 59 | 61 | 70 | 71 | 62 | 63 | 64 | 65 | 67 | 68 | 69 | 75 | 72 | 73 | 78 | 74 | 76 | 87 | 77 | 79 | 80 | 83 | 81 | 85 | 82 | 84 | 91 | 93 | 92 | 86 | 88 | 89 | 90 | 94 | 95 | 96 | 97 | 98 | 99 | 100 

